Webots Project File version R2018a
perspectives: 000000ff00000000fd0000000300000000000002e500000294fc0100000003fc00000000ffffffff0000000000fffffffc0200000001fb00000012005300630065006e0065005400720065006501000000000000039f0000000000000000fb0000001a0052006f0062006f0074003a00200065002d007000750063006b0000000000000002e50000000000000000fb0000001a0044006f00630075006d0065006e0074006100740069006f006e0000000000ffffffff0000005400ffffff000000010000022300000186fc0200000001fb0000001400540065007800740045006400690074006f00720100000017000001860000003e00ffffff000000030000055600000108fc0100000001fb0000000e0043006f006e0073006f006c00650100000000000005560000005400ffffff0000032d0000018600000004000000040000000100000008fc00000000
simulationViewPerspectives: 000000ff000000010000000200000124000001ab0100000006010000000101
sceneTreePerspectives: 000000ff0000000100000002000000c0000000880100000006010000000201
maximizedDockId: -1
centralWidgetVisible: 1
orthographicViewHeight: 1
textFiles: -1
renderingDevicePerspectives: e-puck:camera;0;0;0.000849618;0.00138122
renderingDevicePerspectives: e-puck:display;0;0.2;0.00970874;0.011976
